30 0.895307 0.605769 0.097473 0.048077
31 0.899819 0.429808 0.092058 0.053846
29 0.500903 0.255288 0.088448 0.045192
28 0.598375 0.253365 0.084838 0.043269
27 0.398014 0.253365 0.081227 0.049038
26 0.700361 0.256731 0.079422 0.050000
25 0.299639 0.254327 0.086643 0.052885
24 0.694946 0.373077 0.104693 0.048077
23 0.198556 0.546154 0.104693 0.048077
22 0.799639 0.431731 0.093863 0.051923
21 0.199458 0.250962 0.081227 0.050000
20 0.803249 0.366827 0.090253 0.045192
19 0.198556 0.428846 0.090253 0.044231
18 0.693141 0.431250 0.093863 0.052885
17 0.497292 0.431731 0.099278 0.046154
0 0.095668 0.604808 0.097473 0.050000
1 0.299639 0.489904 0.101083 0.049038
2 0.499097 0.604327 0.092058 0.052885
3 0.699458 0.603846 0.095668 0.050000
4 0.497292 0.662981 0.084838 0.045192
7 0.898917 0.778846 0.090253 0.048077
9 0.797834 0.776923 0.086643 0.048077
10 0.296931 0.779327 0.095668 0.052885
11 0.697653 0.781250 0.084838 0.045192
12 0.399819 0.776442 0.088448 0.047115
13 0.597473 0.778365 0.090253 0.049038
14 0.500000 0.779808 0.090253 0.053846