0 0.097473 0.604808 0.090253 0.053846
1 0.299639 0.604808 0.093863 0.048077
2 0.499097 0.605288 0.084838 0.047115
3 0.697653 0.602885 0.084838 0.053846
4 0.496390 0.662981 0.079422 0.039423
5 0.800542 0.659615 0.088448 0.046154
6 0.201264 0.776923 0.084838 0.046154
7 0.895307 0.778846 0.086643 0.051923
8 0.303249 0.663462 0.086643 0.044231
9 0.798736 0.777404 0.081227 0.056731
10 0.294224 0.778365 0.090253 0.049038
11 0.697653 0.777404 0.084838 0.050962
12 0.398014 0.777885 0.088448 0.046154
13 0.595668 0.774038 0.093863 0.053846
14 0.497292 0.777404 0.084838 0.045192
30 0.897112 0.606250 0.090253 0.050962
15 0.096570 0.428365 0.092058 0.052885
16 0.299639 0.430288 0.090253 0.047115
17 0.494585 0.429327 0.086643 0.052885
18 0.700361 0.428365 0.083032 0.045192
19 0.201264 0.371154 0.074007 0.044231
20 0.799639 0.370192 0.097473 0.050000
21 0.194946 0.253846 0.093863 0.050000
22 0.894404 0.253365 0.095668 0.047115
23 0.299639 0.371635 0.079422 0.045192
24 0.700361 0.369231 0.079422 0.046154
25 0.303249 0.255769 0.086643 0.046154
26 0.698556 0.254327 0.093863 0.049038
27 0.398014 0.255769 0.095668 0.048077
28 0.600181 0.256250 0.084838 0.052885
29 0.502708 0.256731 0.092058 0.048077
31 0.898014 0.429808 0.095668 0.050000