0 0.092058 0.603846 0.090253 0.050000
1 0.302347 0.546154 0.092058 0.048077
2 0.494585 0.602885 0.097473 0.048077
3 0.694043 0.604327 0.110108 0.050962
4 0.501805 0.662981 0.090253 0.045192
5 0.800542 0.662500 0.088448 0.051923
6 0.199458 0.777404 0.088448 0.050962
7 0.898917 0.779808 0.090253 0.050000
8 0.298736 0.664423 0.106498 0.048077
9 0.797834 0.780288 0.083032 0.047115
10 0.297834 0.779808 0.083032 0.046154
11 0.700361 0.780288 0.083032 0.045192
12 0.398917 0.780769 0.086643 0.042308
13 0.600181 0.777885 0.084838 0.046154
14 0.500000 0.777885 0.079422 0.048077
15 0.097473 0.431250 0.093863 0.052885
16 0.292419 0.430769 0.097473 0.050000
17 0.500903 0.429808 0.092058 0.050000
18 0.697653 0.428846 0.102888 0.048077
19 0.196751 0.371635 0.090253 0.050962
20 0.800542 0.372115 0.099278 0.048077
21 0.195848 0.253846 0.095668 0.046154
22 0.898917 0.313462 0.090253 0.050000
23 0.298736 0.367788 0.088448 0.047115
24 0.690433 0.368269 0.102888 0.042308
25 0.296931 0.255288 0.095668 0.050962
26 0.699458 0.254808 0.088448 0.044231
27 0.401625 0.254327 0.077617 0.047115
28 0.601986 0.254808 0.095668 0.053846
29 0.496390 0.255288 0.090253 0.054808
31 0.896209 0.429808 0.092058 0.050000