0 0.095668 0.604327 0.097473 0.047115
1 0.299639 0.547596 0.093863 0.047115
2 0.494585 0.603365 0.101083 0.054808
3 0.697653 0.605288 0.102888 0.054808
4 0.500000 0.663942 0.093863 0.041346
5 0.796029 0.430769 0.086643 0.048077
6 0.201264 0.432212 0.084838 0.045192
7 0.897112 0.779327 0.083032 0.050962
8 0.291516 0.662981 0.081227 0.047115
9 0.796931 0.779327 0.088448 0.047115
10 0.299639 0.781250 0.086643 0.041346
11 0.699458 0.779327 0.092058 0.050962
12 0.400722 0.779327 0.086643 0.047115
13 0.597473 0.777885 0.083032 0.048077
14 0.499097 0.780288 0.084838 0.050962
15 0.098375 0.428365 0.088448 0.050962
16 0.300542 0.431250 0.088448 0.050962
17 0.495487 0.426442 0.102888 0.054808
18 0.697653 0.430288 0.088448 0.049038
19 0.198556 0.371635 0.097473 0.050962
20 0.796931 0.369712 0.092058 0.045192
21 0.193141 0.253846 0.097473 0.053846
22 0.801444 0.545673 0.104693 0.050962
23 0.302347 0.369231 0.095668 0.044231
24 0.694043 0.370192 0.099278 0.046154
25 0.297834 0.257212 0.093863 0.047115
26 0.698556 0.256250 0.093863 0.050962
27 0.398917 0.253846 0.090253 0.048077
28 0.601083 0.258173 0.086643 0.050962
29 0.498195 0.256250 0.083032 0.049038
30 0.897112 0.605769 0.086643 0.042308
31 0.896209 0.429327 0.081227 0.050962