0 0.101986 0.604808 0.092058 0.048077
1 0.296029 0.546154 0.090253 0.050000
2 0.494585 0.604808 0.090253 0.048077
3 0.694946 0.604808 0.097473 0.055769
4 0.496390 0.663462 0.108303 0.046154
6 0.096570 0.430288 0.092058 0.049038
7 0.894404 0.777885 0.088448 0.046154
8 0.294224 0.663462 0.090253 0.048077
9 0.795126 0.778846 0.088448 0.044231
10 0.296931 0.780769 0.092058 0.048077
11 0.697653 0.779808 0.088448 0.046154
12 0.397112 0.780769 0.086643 0.048077
13 0.594765 0.777885 0.095668 0.048077
14 0.494585 0.778846 0.086643 0.050000
17 0.499097 0.430288 0.106498 0.054808
18 0.695848 0.431731 0.088448 0.050000
31 0.899819 0.428365 0.081227 0.049038
30 0.895307 0.603846 0.090253 0.057692
19 0.197653 0.432212 0.099278 0.047115
20 0.803249 0.370673 0.101083 0.049038
21 0.194946 0.254808 0.097473 0.048077
22 0.798736 0.431731 0.081227 0.044231
23 0.298736 0.371154 0.095668 0.050000
24 0.698556 0.370192 0.090253 0.044231
25 0.297834 0.251923 0.075812 0.044231
26 0.696751 0.252885 0.086643 0.046154
27 0.397112 0.254808 0.083032 0.048077
28 0.599278 0.254808 0.090253 0.042308
29 0.496390 0.256731 0.090253 0.050000