0 0.102888 0.606731 0.101083 0.055769
1 0.299639 0.490385 0.101083 0.053846
2 0.500903 0.603846 0.088448 0.046154
3 0.700361 0.603846 0.093863 0.046154
30 0.894404 0.607212 0.095668 0.045192
31 0.897112 0.429327 0.086643 0.050962
4 0.494585 0.662981 0.093863 0.047115
7 0.898917 0.778365 0.111913 0.056731
9 0.695848 0.662500 0.092058 0.050000
10 0.292419 0.778846 0.104693 0.053846
11 0.695848 0.779327 0.088448 0.052885
12 0.400722 0.777404 0.079422 0.050962
13 0.594765 0.782212 0.088448 0.054808
14 0.495487 0.780769 0.092058 0.055769
17 0.500000 0.428846 0.097473 0.057692
18 0.696751 0.429808 0.090253 0.050000
19 0.197653 0.428365 0.099278 0.050962
20 0.799639 0.369231 0.090253 0.055769
21 0.191336 0.253365 0.104693 0.054808
22 0.796029 0.430288 0.090253 0.052885
23 0.397112 0.606731 0.097473 0.055769
24 0.693141 0.370192 0.104693 0.055769
25 0.295126 0.256731 0.092058 0.051923
26 0.697653 0.254808 0.095668 0.050000
27 0.396209 0.256731 0.088448 0.050000
28 0.597473 0.254327 0.090253 0.049038
29 0.497292 0.255769 0.092058 0.050000