0 0.097473 0.604327 0.101083 0.054808
1 0.299639 0.545673 0.083032 0.047115
2 0.496390 0.602885 0.101083 0.059615
3 0.699458 0.605288 0.092058 0.047115
4 0.500000 0.663942 0.093863 0.052885
5 0.799639 0.662019 0.086643 0.052885
6 0.199458 0.431731 0.088448 0.050000
7 0.902527 0.778365 0.093863 0.049038
8 0.305054 0.663942 0.097473 0.050962
9 0.798736 0.780769 0.081227 0.050000
10 0.293321 0.776442 0.095668 0.045192
11 0.699458 0.780288 0.088448 0.045192
12 0.398917 0.779327 0.079422 0.052885
13 0.592058 0.777404 0.086643 0.054808
14 0.493682 0.779808 0.092058 0.048077
15 0.098375 0.431731 0.088448 0.051923
16 0.299639 0.431731 0.090253 0.050000
17 0.499097 0.429327 0.102888 0.052885
18 0.697653 0.431250 0.095668 0.049038
19 0.196751 0.370192 0.090253 0.042308
20 0.797834 0.372115 0.086643 0.044231
21 0.194946 0.257692 0.097473 0.044231
22 0.598375 0.312500 0.102888 0.044231
23 0.304152 0.370673 0.095668 0.043269
24 0.693141 0.366827 0.097473 0.047115
25 0.297834 0.254808 0.083032 0.046154
26 0.700361 0.254327 0.083032 0.043269
27 0.400722 0.255769 0.075812 0.044231
28 0.598375 0.253365 0.088448 0.041346
29 0.494585 0.254327 0.086643 0.047115
30 0.898014 0.604808 0.092058 0.048077
31 0.896209 0.432212 0.095668 0.052885