0 0.097473 0.603846 0.101083 0.048077
1 0.299639 0.602885 0.093863 0.048077
2 0.494585 0.601442 0.093863 0.050962
3 0.697653 0.603846 0.095668 0.053846
4 0.497292 0.661538 0.106498 0.042308
5 0.799639 0.663942 0.093863 0.050962
6 0.098375 0.777404 0.092058 0.054808
7 0.896209 0.777885 0.088448 0.051923
8 0.202166 0.775481 0.083032 0.052885
9 0.801444 0.777404 0.079422 0.050962
10 0.299639 0.777404 0.090253 0.049038
11 0.700361 0.776442 0.079422 0.049038
12 0.394404 0.775481 0.095668 0.050962
13 0.600181 0.778846 0.084838 0.053846
14 0.500903 0.778365 0.088448 0.049038
30 0.899819 0.602404 0.092058 0.052885
15 0.100181 0.429327 0.088448 0.050962
16 0.298736 0.429808 0.106498 0.046154
17 0.500903 0.429327 0.099278 0.050962
18 0.695848 0.429808 0.106498 0.042308
31 0.900722 0.427404 0.093863 0.052885
19 0.198556 0.371154 0.090253 0.050000
20 0.799639 0.370673 0.093863 0.050962
21 0.099278 0.253365 0.108303 0.056731
22 0.896209 0.254327 0.092058 0.049038
23 0.299639 0.369712 0.090253 0.047115
24 0.797834 0.253365 0.086643 0.050962
25 0.297834 0.254327 0.097473 0.050962
26 0.698556 0.254808 0.093863 0.046154
27 0.399819 0.254808 0.084838 0.050000
28 0.597473 0.251923 0.090253 0.046154
29 0.499097 0.253365 0.088448 0.052885