0 0.097473 0.601923 0.101083 0.059615
1 0.300542 0.603365 0.084838 0.045192
2 0.495487 0.602404 0.088448 0.047115
3 0.698556 0.602885 0.090253 0.051923
4 0.498195 0.662019 0.093863 0.043269
5 0.799639 0.663942 0.083032 0.045192
6 0.100181 0.777404 0.084838 0.045192
7 0.899819 0.778365 0.088448 0.045192
8 0.302347 0.662500 0.095668 0.046154
9 0.797834 0.779808 0.090253 0.050000
10 0.296931 0.776442 0.084838 0.047115
11 0.695848 0.778846 0.084838 0.050000
12 0.398917 0.775962 0.083032 0.042308
13 0.597473 0.776923 0.083032 0.044231
14 0.500903 0.777885 0.081227 0.046154
30 0.900722 0.603365 0.090253 0.043269
15 0.099278 0.429327 0.083032 0.045192
16 0.297834 0.429327 0.086643 0.052885
17 0.502708 0.431250 0.081227 0.052885
18 0.698556 0.428365 0.093863 0.045192
19 0.198556 0.369231 0.083032 0.042308
20 0.797834 0.369231 0.086643 0.046154
21 0.101986 0.253846 0.092058 0.046154
22 0.895307 0.253365 0.090253 0.050962
23 0.298736 0.369231 0.084838 0.048077
24 0.697653 0.369231 0.088448 0.048077
25 0.296931 0.252885 0.088448 0.046154
26 0.700361 0.252885 0.097473 0.048077
27 0.399819 0.253846 0.081227 0.048077
28 0.597473 0.253846 0.086643 0.051923
29 0.498195 0.253365 0.090253 0.050962
31 0.893502 0.428365 0.086643 0.049038