0 0.094765 0.604327 0.095668 0.052885
1 0.298736 0.488942 0.081227 0.049038
2 0.495487 0.604808 0.102888 0.050000
3 0.698556 0.605769 0.093863 0.051923
30 0.899819 0.606731 0.099278 0.053846
4 0.500000 0.665865 0.090253 0.049038
7 0.898917 0.780288 0.086643 0.049038
8 0.298736 0.666346 0.099278 0.048077
9 0.796029 0.779327 0.090253 0.049038
10 0.296931 0.779327 0.095668 0.043269
11 0.698556 0.780769 0.086643 0.048077
12 0.399819 0.780769 0.092058 0.048077
13 0.600181 0.777885 0.081227 0.050000
14 0.500903 0.780288 0.084838 0.043269
17 0.498195 0.429808 0.090253 0.048077
18 0.695848 0.430769 0.099278 0.048077
31 0.899819 0.429327 0.084838 0.043269
19 0.202166 0.431731 0.086643 0.042308
20 0.796931 0.372115 0.088448 0.044231
21 0.200361 0.256250 0.090253 0.043269
22 0.799639 0.431250 0.093863 0.050962
23 0.099278 0.431250 0.097473 0.050962
24 0.694043 0.369231 0.095668 0.048077
25 0.300542 0.254808 0.095668 0.044231
26 0.698556 0.253846 0.086643 0.050000
27 0.399819 0.252885 0.084838 0.046154
28 0.596570 0.253365 0.095668 0.050962
29 0.495487 0.255769 0.092058 0.053846